c list : [1, 1.5, 2, 2.5]
[[29763 29763]
 [  103   103]
 [  125   125]
 [  571   283]
 [ 1184   561]] [[ 29916.  29916.]
 [   130.    130.]
 [   146.    146.]
 [   701.    339.]
 [  1310.    638.]]
[[29777 29777]
 [  116   116]
 [  124   124]
 [  590   292]
 [ 1195   567]] [[ 29916.  29916.]
 [   130.    130.]
 [   146.    146.]
 [   701.    339.]
 [  1310.    638.]]
[[29763 29763]
 [  116   116]
 [  127   127]
 [  595   294]
 [ 1203   574]] [[ 29916.  29916.]
 [   130.    130.]
 [   146.    146.]
 [   701.    339.]
 [  1310.    638.]]
[[29743 29743]
 [  118   118]
 [  129   129]
 [  588   291]
 [ 1194   570]] [[ 29916.  29916.]
 [   130.    130.]
 [   146.    146.]
 [   701.    339.]
 [  1310.    638.]]
