c list : [1, 1.5, 2, 2.5, 3]
[[29738 29738]
 [   95    95]
 [  125   125]
 [  575   286]
 [ 1198   570]] [[ 29916.  29916.]
 [   130.    130.]
 [   146.    146.]
 [   701.    339.]
 [  1310.    638.]]
[[29759 29759]
 [  110   110]
 [  123   123]
 [  591   292]
 [ 1213   578]] [[ 29916.  29916.]
 [   130.    130.]
 [   146.    146.]
 [   701.    339.]
 [  1310.    638.]]
[[29754 29754]
 [  116   116]
 [  125   125]
 [  583   290]
 [ 1202   573]] [[ 29916.  29916.]
 [   130.    130.]
 [   146.    146.]
 [   701.    339.]
 [  1310.    638.]]
[[29736 29736]
 [  114   114]
 [  126   126]
 [  581   291]
 [ 1197   570]] [[ 29916.  29916.]
 [   130.    130.]
 [   146.    146.]
 [   701.    339.]
 [  1310.    638.]]
[[29726 29726]
 [  112   112]
 [  126   126]
 [  586   292]
 [ 1187   566]] [[ 29916.  29916.]
 [   130.    130.]
 [   146.    146.]
 [   701.    339.]
 [  1310.    638.]]
